[ninjam]
connectw=1110
connecth=519
lc_0=0 source '1024' bc 1 mute 0 solo 0 volume 1.000000 pan 0.000000 jesus 0 flag 0 name `default channel`
lc_cnt=1
wnd_state=1
lchansz=78
wnd_x=0
wnd_y=0
wnd_w=974
wnd_h=480
mastervol=1.000000
masterpan=0.000000
metrovol=0.500000
metropan=0.000000
mastermute=0
metromute=0
